network: 0.0001
mesh: 0.11666839
meshing: 0.079923056
meshwork: 0.15260094
information: 0.0001
data: 0.34542704
entropy: 0.12834439
Network Information: 1
communication: 0.16666666666666666
theory: 0.16666666666666666
outcome: 0.16666666666666666
numerical: 0.16666666666666666
measure: 0.16666666666666666
uncertainty: 0.16666666666666666
communicate: 0.5
group: 0.5
