conveyance: 0.11643931
transport: 0.0001
transportation: 0.26201957
ecstasy: 0.050642118
rapture: 1.7628074e05
exaltation: 0.013191253
transfer: 0.13166423
transferral: 0.1436262
enrapture: 0.030863004
transmit: 0.21519762
channel: 0.12706879
channelize: 0.07238087
layer: 0.0001
transport layer: 1
molecules: 0.1
momentum: 0.1
membranes: 0.1
exchange: 0.1
cell: 0.1
kinetic: 0.1
energy: 0.1
boundary: 0.1
adjacent: 0.1
layers: 0.1
depth: 0.25
abstract: 0.25
place: 0.25
conceived: 0.25
