car: 0.1339097
market: 0.27004367
property: 0.054058217
car and property market: 1
auto: 0.18524219
automobile: 0.2125629
machine: 0.2673412
motorcar: 0.105120026
railcar: 0.10588339
gondola: 0.0079433955
belongings: 0.025473284
place: 0.044585004
marketplace: 0.3830543
grocery_store: 0.004840644
grocery: 0.014429193
mart: 0.116364814
commercialize: 0.38078088
passengers: 0.5
ride: 0.5
area: 0.16666666666666666
set: 0.16666666666666666
town: 0.16666666666666666
public: 0.16666666666666666
mercantile: 0.16666666666666666
establishment: 0.16666666666666666
movie: 0.16666666666666666
movable: 0.16666666666666666
articles: 0.16666666666666666
objects: 0.16666666666666666
play: 0.16666666666666666
