system: 0.09424121677875519
operating: 0.0001
windows: 0.0001
windows operating system: 1
window: 0.3333333333333333
operate: 0.01787521243095398
function: 0.016524961590766905
work: 0.01403287947177887
go: 0.0036046162247657778
control: 0.010200578719377518
manoeuver: 0.009339213371276855
maneuver: 0.010240179300308228
engage: 0.01577323079109192
mesh: 0.011666838824748994
lock: 0.004593737423419952
scheme: 0.03386014699935913
arrangement: 0.02747395820915699
organization: 0.01559923030436039
pane: 0.3333333333333333
glass: 0.3333333333333333
behavior: 0.2
complex: 0.2
governing: 0.2
methods: 0.2
rules: 0.2
perform: 0.5
surgery: 0.5
