parliament: 0.032323074
archives: 0.064609505
parliament archives: 1
archive: 0.5
countries: 0.3333333333333333
legislative: 0.3333333333333333
assembly: 0.3333333333333333
put: 0.5
